{"messages": [{"role": "system", "content": "Co-pilot to generate TSP, ATSP, HCP, HPP, ACVRP, BWTSP, CCVRP, CTSP, CVRP, CVRPTW, DCVRP, k-TSP, 1-PDTSP, m-PDTSP, m1-PDTSP, MLP, MTRP, MTRPD, mTSP, OCMTSP, OVRP, PDPTW, PDTSP, PDTSPF, PDTSPL, RCTVRP, RCTVRPTW, SOP, STTSP, TRP, TSPDL, TSPPD, TSPTW, VRPB, VRPBTW, VRPMPD, VRPMPDTW, VRPSPD, VRPSPDTW file format formulation specially made for LKH 3.0.9 solver based on the problem statement given by the user"}, {"role": "user", "content": "\nImagine you're the manager of a delivery service operating in a city with 21 drop-off points. Your goal is to plan the best routes for your delivery drivers, making sure each location gets a visit without any unnecessary backtracking.\nThink of it like plotting the most efficient course for each driver to cover all the delivery spots and return to the starting point. The distances between the locations are known, and you want to minimize the total distance traveled by all your delivery vehicles. It's like solving a puzzle to make your deliveries smoother and faster.\nEDGE_WEIGHT_SECTION\n     0   510     0   635   355     0    91   415   605     0            \n   385   585   390   350     0   155   475   495   120   240            \n     0   110   480   570    78   320    96     0   130   500            \n   540    97   285    36    29     0   490   605   295   460            \n   120   350   425   390     0   370   320   700   280   590            \n   365   350   370   625     0   155   380   640    63   430            \n   200   160   175   535   240     0    68   440   575    27            \n   320    91    48    67   430   300    90     0   610   360            \n   705   520   835   605   590   610   865   250   480   545            \n     0   655   235   585   555   750   615   625   645   775            \n   285   515   585   190     0   480    81   435   380   575            \n   440   455   465   600   245   345   415   295   170     0            \n   265   480   420   235   125   125   200   165   230   475            \n   310   205   715   650   475     0   255   440   755   235            \n   650   370   320   350   680   150   175   265   400   435            \n   385   485     0   450   270   625   345   660   430   420            \n   440   690    77   310   380   180   215   190   545   225            \n     0   170   445   750   160   495   265   220   240   600            \n   235   125   170   485   525   405   375    87   315     0            \n   240   290   590   140   480   255   205   220   515   150            \n   100   170   390   425   255   395   205   220   155     0            \n   380   140   495   280   480   340   350   370   505   185            \n   240   310   345   280   105   380   280   165   305   150         \n"}, {"role": "assistant", "content": "\nNAME: gr21\nTYPE: KTSP\nCOMMENT: 21-city problem (Groetschel)\nDIMENSION: 21\nEDGE_WEIGHT_TYPE: EXPLICIT\nEDGE_WEIGHT_FORMAT: LOWER_DIAG_ROW \nEDGE_WEIGHT_SECTION\n     0   510     0   635   355     0    91   415   605     0            \n   385   585   390   350     0   155   475   495   120   240            \n     0   110   480   570    78   320    96     0   130   500            \n   540    97   285    36    29     0   490   605   295   460            \n   120   350   425   390     0   370   320   700   280   590            \n   365   350   370   625     0   155   380   640    63   430            \n   200   160   175   535   240     0    68   440   575    27            \n   320    91    48    67   430   300    90     0   610   360            \n   705   520   835   605   590   610   865   250   480   545            \n     0   655   235   585   555   750   615   625   645   775            \n   285   515   585   190     0   480    81   435   380   575            \n   440   455   465   600   245   345   415   295   170     0            \n   265   480   420   235   125   125   200   165   230   475            \n   310   205   715   650   475     0   255   440   755   235            \n   650   370   320   350   680   150   175   265   400   435            \n   385   485     0   450   270   625   345   660   430   420            \n   440   690    77   310   380   180   215   190   545   225            \n     0   170   445   750   160   495   265   220   240   600            \n   235   125   170   485   525   405   375    87   315     0            \n   240   290   590   140   480   255   205   220   515   150            \n   100   170   390   425   255   395   205   220   155     0            \n   380   140   495   280   480   340   350   370   505   185            \n   240   310   345   280   105   380   280   165   305   150            \n     0                                                      \nEOF\n"}]}
{"messages": [{"role": "system", "content": "Co-pilot to generate TSP, ATSP, HCP, HPP, ACVRP, BWTSP, CCVRP, CTSP, CVRP, CVRPTW, DCVRP, k-TSP, 1-PDTSP, m-PDTSP, m1-PDTSP, MLP, MTRP, MTRPD, mTSP, OCMTSP, OVRP, PDPTW, PDTSP, PDTSPF, PDTSPL, RCTVRP, RCTVRPTW, SOP, STTSP, TRP, TSPDL, TSPPD, TSPTW, VRPB, VRPBTW, VRPMPD, VRPMPDTW, VRPSPD, VRPSPDTW file format formulation specially made for LKH 3.0.9 solver based on the problem statement given by the user"}, {"role": "user", "content": "\nImagine you're a courier tasked with delivering packages to 17 different locations in a city. Each location represents a unique stop, and your goal is to find the most efficient route that minimizes the total distance traveled. The distances between each pair of stops are known, and your challenge is to plan a journey that visits each stop exactly once before returning to the starting point.\nYour success will be measured by the overall distance you cover. The shorter the total distance, the more efficient your delivery route will be. This real-world scenario mirrors the K-Travelling Salesman Problem (KTSP), where optimization is crucial for time and resource efficiency in a delivery or transportation context.\nEDGE_WEIGHT_SECTION\n 0 633 0 257 390 0 91 661 228 0 412 227\n 169 383 0 150 488 112 120 267 0 80 572 196\n 77 351 63 0 134 530 154 105 309 34 29 0\n 259 555 372 175 338 264 232 249 0 505 289 262\n 476 196 360 444 402 495 0 353 282 110 324 61\n 208 292 250 352 154 0 324 638 437 240 421 329\n 297 314 95 578 435 0 70 567 191 27 346 83\n 47 68 189 439 287 254 0 211 466 74 182 243\n 105 150 108 326 336 184 391 145 0 268 420 53\n 239 199 123 207 165 383 240 140 448 202 57 0\n 246 745 472 237 528 364 332 349 202 685 542 157\n 289 426 483 0 121 518 142 84 297 35 29 36\n 236 390 238 301 55 96 153 336 0         \n"}, {"role": "assistant", "content": "\nNAME: gr17\nTYPE: KTSP\nCOMMENT: 17-city problem (Groetschel)\nDIMENSION: 17\nEDGE_WEIGHT_TYPE: EXPLICIT\nEDGE_WEIGHT_FORMAT: LOWER_DIAG_ROW \nEDGE_WEIGHT_SECTION\n 0 633 0 257 390 0 91 661 228 0 412 227\n 169 383 0 150 488 112 120 267 0 80 572 196\n 77 351 63 0 134 530 154 105 309 34 29 0\n 259 555 372 175 338 264 232 249 0 505 289 262\n 476 196 360 444 402 495 0 353 282 110 324 61\n 208 292 250 352 154 0 324 638 437 240 421 329\n 297 314 95 578 435 0 70 567 191 27 346 83\n 47 68 189 439 287 254 0 211 466 74 182 243\n 105 150 108 326 336 184 391 145 0 268 420 53\n 239 199 123 207 165 383 240 140 448 202 57 0\n 246 745 472 237 528 364 332 349 202 685 542 157\n 289 426 483 0 121 518 142 84 297 35 29 36\n 236 390 238 301 55 96 153 336 0 \nEOF\n"}]}
{"messages": [{"role": "system", "content": "Co-pilot to generate TSP, ATSP, HCP, HPP, ACVRP, BWTSP, CCVRP, CTSP, CVRP, CVRPTW, DCVRP, k-TSP, 1-PDTSP, m-PDTSP, m1-PDTSP, MLP, MTRP, MTRPD, mTSP, OCMTSP, OVRP, PDPTW, PDTSP, PDTSPF, PDTSPL, RCTVRP, RCTVRPTW, SOP, STTSP, TRP, TSPDL, TSPPD, TSPTW, VRPB, VRPBTW, VRPMPD, VRPMPDTW, VRPSPD, VRPSPDTW file format formulation specially made for LKH 3.0.9 solver based on the problem statement given by the user"}, {"role": "user", "content": "\nIn this Traveling Salesman Problem with Time Windows (TSPTW) instance, we have 26 locations represented as nodes. The task is to find the most efficient route that starts and ends at Node 1 (depot), visiting all nodes exactly once. The efficiency is measured by minimizing the total distance traveled while adhering to specific time windows for each node.\nKey Details:\n* Graph Representation: The distances between nodes are explicitly provided in a matrix format. Diagonal entries are zero, indicating no cost to travel from a node to itself.\n* Time Windows: Each node has a time window, defining the earliest and latest times for a visit. The solution must ensure the salesman arrives at each node within this specified time range.\n* Depot: Node 1 serves as the starting and ending point for the salesman's route.\nObjective:\nMinimize the total distance traveled, considering both the distance matrix and the time windows for each node.\nNote:\nThe solution to this problem instance (rc201.0) involves finding the most efficient route satisfying both distance and time constraints.\n\nEDGE_WEIGHT_FORMAT : FULL_MATRIX\nEDGE_WEIGHT_SECTION\n0 308058 403112 335410 316228 335261 323883 380789 392938 412310 403112 377359 200000 269258 269258 92194 196469 360555 570088 147648 322025 382099 481664 141421 205182 192354 \n408058 100000 201980 517612 470000 476962 431059 534626 503112 513401 472022 172801 350799 606360 265529 346982 243178 650364 820347 423883 610098 619711 697746 333452 501995 220416 \n503112 201980 100000 609902 560977 565725 517612 622015 584665 592443 547214 130000 450000 708276 354950 447851 319317 750000 913940 525793 710082 715224 788840 435410 603587 310950 \n435410 517612 609902 100000 150000 153852 201980 150000 194340 211803 241421 580521 280278 323607 354950 370185 522019 280278 404138 287883 255562 211803 280278 333452 260000 482753 \n416228 470000 560977 150000 100000 120000 153852 170711 180000 200000 211803 531741 241421 350000 306155 341867 482884 323607 453553 272627 294165 261245 328035 300000 267631 442053 \n435261 476962 565725 153852 120000 100000 150000 158310 160000 180000 194340 536807 256205 366271 311896 359422 496232 333238 451283 292354 306155 264924 323607 316333 286815 454683 \n423883 431059 517612 201980 153852 150000 100000 204403 178102 194340 180000 488973 230000 397321 265529 340416 461248 377308 501123 291050 346982 313776 372947 293132 305913 418277 \n480789 534626 622015 150000 170711 158310 204403 100000 158310 170711 211803 593356 312132 369258 369258 410644 553431 312132 400000 334094 294165 230384 270294 370185 310000 512310 \n492938 503112 584665 194340 180000 160000 178102 158310 100000 120000 153852 556946 305913 417648 338537 413847 539318 369072 451283 351794 348395 288680 320906 368328 345153 496232 \n512310 513401 592443 211803 200000 180000 194340 170711 120000 100000 150000 565188 323607 435410 350000 432415 554533 382843 453553 371662 364008 300000 323607 386356 364764 511096 \n503112 472022 547214 241421 211803 194340 180000 211803 153852 150000 100000 520595 306155 460555 312132 417805 524382 420155 503112 370740 396985 341867 372947 369258 378568 480132 \n477359 172801 130000 580521 531741 536807 488973 593356 556946 565188 520595 100000 420000 678705 325610 419530 298494 720000 884474 496232 680086 685491 759697 405941 573814 286011 \n300000 350799 450000 280278 241421 256205 230000 312132 305913 323607 306155 420000 100000 369258 211803 211803 342074 400000 574342 198995 360192 372029 457771 163246 261555 302485 \n369258 606360 708276 323607 350000 366271 397321 369258 417648 435410 460555 678705 369258 100000 480789 370185 542832 211803 420155 282483 190554 280278 369258 372947 207703 520119 \n369258 265529 354950 354950 306155 311896 265529 369258 338537 350000 312132 325610 211803 480789 100000 278885 319317 503112 659017 308087 464966 461248 534166 236015 373130 274642 \n192195 346982 447851 370185 341867 359422 340416 410644 413847 432415 417805 419530 211803 370185 278885 100000 274642 438378 637122 198489 397321 438378 534166 150000 277200 250000 \n296469 243178 319317 522019 482884 496232 461248 553431 539318 554533 524382 298494 342074 542832 319317 274642 100000 612445 806824 372029 571275 605371 696825 292354 451710 144721 \n460555 650364 750000 280278 323607 333238 377308 312132 369072 382843 420155 720000 400000 211803 503112 438378 612445 100000 312132 340416 141231 189443 261245 425575 261555 582701 \n670087 820347 913940 404138 453553 451283 501123 400000 451283 453553 503112 884474 574342 420155 659017 637122 806824 312132 100000 539090 348395 302485 230384 614782 466197 772309 \n247647 423883 525793 287883 272627 292354 291050 334094 351794 371662 370740 496232 198995 282483 308087 198489 372029 340416 539090 100000 299249 342074 439706 190554 180623 343311 \n422025 610098 710082 255562 294165 306155 346982 294165 348395 364008 396985 680086 360192 190554 464966 397321 571275 141231 348395 299249 100000 190000 280278 384429 220830 541475 \n482099 619711 715224 211803 261245 264924 313776 230384 288680 300000 341867 685491 372029 280278 461248 438378 605371 189443 302485 342074 190000 100000 200000 413050 278045 570106 \n581664 697746 788840 280278 328035 323607 372947 270294 320906 323607 372947 759697 457771 369258 534166 534166 696825 261245 230384 439706 280278 200000 100000 504969 378028 659464 \n241421 333452 435410 333452 300000 316333 293132 370185 368328 386356 369258 405941 163246 372947 236015 150000 292354 425575 614782 190554 384429 413050 504969 100000 270000 258114 \n305183 501995 603587 260000 267631 286815 305913 310000 345153 364764 378568 573814 261555 207703 373130 277200 451710 261555 466197 180623 220830 278045 378028 270000 100000 423883 \n292354 220416 310950 482753 442053 454683 418277 512310 496232 511096 480132 286011 302485 520119 274642 250000 144721 582701 772309 343311 541475 570106 659464 258114 423883 100000 \nTIME_WINDOW_SECTION\n1 0 9600000\n2 1520000 2720000\n3 730000 1930000\n4 3710000 4910000\n5 5190000 6390000\n6 1950000 3150000\n7 2230000 3430000\n8 6530000 7730000\n9 1740000 2940000\n10 2550000 3750000\n11 7030000 8230000\n12 370000 1570000\n13 3750000 4950000\n14 3970000 5170000\n15 6940000 8140000\n16 1570000 2770000\n17 8100000 9300000\n18 6450000 7650000\n19 2320000 3520000\n20 1520000 2720000\n21 3490000 4690000\n22 3590000 4790000\n23 5470000 6670000\n24 1720000 2920000\n25 3080000 4280000\n26 8100000 9300000    \n"}, {"role": "assistant", "content": "\nNAME : rc201.0\nTYPE : TSPTW\nDIMENSION : 26\nEDGE_WEIGHT_TYPE : EXPLICIT\nEDGE_WEIGHT_FORMAT : FULL_MATRIX\nEDGE_WEIGHT_SECTION\n0 308058 403112 335410 316228 335261 323883 380789 392938 412310 403112 377359 200000 269258 269258 92194 196469 360555 570088 147648 322025 382099 481664 141421 205182 192354 \n408058 100000 201980 517612 470000 476962 431059 534626 503112 513401 472022 172801 350799 606360 265529 346982 243178 650364 820347 423883 610098 619711 697746 333452 501995 220416 \n503112 201980 100000 609902 560977 565725 517612 622015 584665 592443 547214 130000 450000 708276 354950 447851 319317 750000 913940 525793 710082 715224 788840 435410 603587 310950 \n435410 517612 609902 100000 150000 153852 201980 150000 194340 211803 241421 580521 280278 323607 354950 370185 522019 280278 404138 287883 255562 211803 280278 333452 260000 482753 \n416228 470000 560977 150000 100000 120000 153852 170711 180000 200000 211803 531741 241421 350000 306155 341867 482884 323607 453553 272627 294165 261245 328035 300000 267631 442053 \n435261 476962 565725 153852 120000 100000 150000 158310 160000 180000 194340 536807 256205 366271 311896 359422 496232 333238 451283 292354 306155 264924 323607 316333 286815 454683 \n423883 431059 517612 201980 153852 150000 100000 204403 178102 194340 180000 488973 230000 397321 265529 340416 461248 377308 501123 291050 346982 313776 372947 293132 305913 418277 \n480789 534626 622015 150000 170711 158310 204403 100000 158310 170711 211803 593356 312132 369258 369258 410644 553431 312132 400000 334094 294165 230384 270294 370185 310000 512310 \n492938 503112 584665 194340 180000 160000 178102 158310 100000 120000 153852 556946 305913 417648 338537 413847 539318 369072 451283 351794 348395 288680 320906 368328 345153 496232 \n512310 513401 592443 211803 200000 180000 194340 170711 120000 100000 150000 565188 323607 435410 350000 432415 554533 382843 453553 371662 364008 300000 323607 386356 364764 511096 \n503112 472022 547214 241421 211803 194340 180000 211803 153852 150000 100000 520595 306155 460555 312132 417805 524382 420155 503112 370740 396985 341867 372947 369258 378568 480132 \n477359 172801 130000 580521 531741 536807 488973 593356 556946 565188 520595 100000 420000 678705 325610 419530 298494 720000 884474 496232 680086 685491 759697 405941 573814 286011 \n300000 350799 450000 280278 241421 256205 230000 312132 305913 323607 306155 420000 100000 369258 211803 211803 342074 400000 574342 198995 360192 372029 457771 163246 261555 302485 \n369258 606360 708276 323607 350000 366271 397321 369258 417648 435410 460555 678705 369258 100000 480789 370185 542832 211803 420155 282483 190554 280278 369258 372947 207703 520119 \n369258 265529 354950 354950 306155 311896 265529 369258 338537 350000 312132 325610 211803 480789 100000 278885 319317 503112 659017 308087 464966 461248 534166 236015 373130 274642 \n192195 346982 447851 370185 341867 359422 340416 410644 413847 432415 417805 419530 211803 370185 278885 100000 274642 438378 637122 198489 397321 438378 534166 150000 277200 250000 \n296469 243178 319317 522019 482884 496232 461248 553431 539318 554533 524382 298494 342074 542832 319317 274642 100000 612445 806824 372029 571275 605371 696825 292354 451710 144721 \n460555 650364 750000 280278 323607 333238 377308 312132 369072 382843 420155 720000 400000 211803 503112 438378 612445 100000 312132 340416 141231 189443 261245 425575 261555 582701 \n670087 820347 913940 404138 453553 451283 501123 400000 451283 453553 503112 884474 574342 420155 659017 637122 806824 312132 100000 539090 348395 302485 230384 614782 466197 772309 \n247647 423883 525793 287883 272627 292354 291050 334094 351794 371662 370740 496232 198995 282483 308087 198489 372029 340416 539090 100000 299249 342074 439706 190554 180623 343311 \n422025 610098 710082 255562 294165 306155 346982 294165 348395 364008 396985 680086 360192 190554 464966 397321 571275 141231 348395 299249 100000 190000 280278 384429 220830 541475 \n482099 619711 715224 211803 261245 264924 313776 230384 288680 300000 341867 685491 372029 280278 461248 438378 605371 189443 302485 342074 190000 100000 200000 413050 278045 570106 \n581664 697746 788840 280278 328035 323607 372947 270294 320906 323607 372947 759697 457771 369258 534166 534166 696825 261245 230384 439706 280278 200000 100000 504969 378028 659464 \n241421 333452 435410 333452 300000 316333 293132 370185 368328 386356 369258 405941 163246 372947 236015 150000 292354 425575 614782 190554 384429 413050 504969 100000 270000 258114 \n305183 501995 603587 260000 267631 286815 305913 310000 345153 364764 378568 573814 261555 207703 373130 277200 451710 261555 466197 180623 220830 278045 378028 270000 100000 423883 \n292354 220416 310950 482753 442053 454683 418277 512310 496232 511096 480132 286011 302485 520119 274642 250000 144721 582701 772309 343311 541475 570106 659464 258114 423883 100000 \nTIME_WINDOW_SECTION\n1 0 9600000\n2 1520000 2720000\n3 730000 1930000\n4 3710000 4910000\n5 5190000 6390000\n6 1950000 3150000\n7 2230000 3430000\n8 6530000 7730000\n9 1740000 2940000\n10 2550000 3750000\n11 7030000 8230000\n12 370000 1570000\n13 3750000 4950000\n14 3970000 5170000\n15 6940000 8140000\n16 1570000 2770000\n17 8100000 9300000\n18 6450000 7650000\n19 2320000 3520000\n20 1520000 2720000\n21 3490000 4690000\n22 3590000 4790000\n23 5470000 6670000\n24 1720000 2920000\n25 3080000 4280000\n26 8100000 9300000\nDEPOT_SECTION\n1 \n-1\nEOF\n"}]}
{"messages": [{"role": "system", "content": "Co-pilot to generate TSP, ATSP, HCP, HPP, ACVRP, BWTSP, CCVRP, CTSP, CVRP, CVRPTW, DCVRP, k-TSP, 1-PDTSP, m-PDTSP, m1-PDTSP, MLP, MTRP, MTRPD, mTSP, OCMTSP, OVRP, PDPTW, PDTSP, PDTSPF, PDTSPL, RCTVRP, RCTVRPTW, SOP, STTSP, TRP, TSPDL, TSPPD, TSPTW, VRPB, VRPBTW, VRPMPD, VRPMPDTW, VRPSPD, VRPSPDTW file format formulation specially made for LKH 3.0.9 solver based on the problem statement given by the user"}, {"role": "user", "content": "\nMinimize the total distance traveled while adhering to specified time windows for each node. Given a set of 11 nodes and a complete graph representing the distances between them, this Traveling Salesman Problem with Time Windows (TSPTW) aims to find the optimal route that starts and ends at Node 1 (depot). The goal is to visit all nodes exactly once, respecting the provided time windows for each node. The edge weights between nodes are explicitly defined in a full matrix format. The distances represent the cost of traveling between the nodes. The diagonal entries are set to 0, indicating no cost to travel from a node to itself. \nEach node is associated with a time window, specifying the earliest and latest times a visit is allowed. The time window information helps ensure that the salesman arrives at each node within the prescribed time range.\nNode 1 serves as the starting and ending point for the salesman's route.\nEDGE_WEIGHT_SECTION\n0 0 0 0 0 0 0 0 0 0 0 \n71 0 85 85 85 96 85 85 97 85 77 \n50 65 0 77 77 62 77 77 62 77 74 \n64 74 88 0 88 80 88 88 82 88 87 \n44 54 68 68 0 60 68 68 62 68 67 \n51 75 51 51 51 0 51 51 80 51 65 \n53 64 78 78 78 68 0 78 69 78 76 \n51 67 69 69 69 75 69 0 75 69 63 \n43 61 71 71 71 43 71 71 0 71 68 \n53 64 78 78 78 68 78 78 69 0 80 \n42 66 52 52 52 70 52 52 70 52 0 \nTIME_WINDOW_SECTION\n1 0 9396\n2 0 865\n3 399 1299\n4 550 1450\n5 685 1585\n6 819 1719\n7 1208 2108\n8 1412 2312\n9 1701 2330\n10 2413 3313\n11 3798 4698  \n"}, {"role": "assistant", "content": "\nNAME : rbg010a.tw\nTYPE : TSPTW\nDIMENSION : 11\nEDGE_WEIGHT_TYPE : EXPLICIT\nEDGE_WEIGHT_FORMAT : FULL_MATRIX\nEDGE_WEIGHT_SECTION\n0 0 0 0 0 0 0 0 0 0 0 \n71 0 85 85 85 96 85 85 97 85 77 \n50 65 0 77 77 62 77 77 62 77 74 \n64 74 88 0 88 80 88 88 82 88 87 \n44 54 68 68 0 60 68 68 62 68 67 \n51 75 51 51 51 0 51 51 80 51 65 \n53 64 78 78 78 68 0 78 69 78 76 \n51 67 69 69 69 75 69 0 75 69 63 \n43 61 71 71 71 43 71 71 0 71 68 \n53 64 78 78 78 68 78 78 69 0 80 \n42 66 52 52 52 70 52 52 70 52 0 \nTIME_WINDOW_SECTION\n1 0 9396\n2 0 865\n3 399 1299\n4 550 1450\n5 685 1585\n6 819 1719\n7 1208 2108\n8 1412 2312\n9 1701 2330\n10 2413 3313\n11 3798 4698\nDEPOT_SECTION\n1 \n-1\nEOF\n"}]}
